Delta,Time,CORE0_ENERGY (J),CORE0_FREQ (MHZ),CORE0_PSTATE,CORE0_VOLT (V),CORE10_ENERGY (J),CORE10_FREQ (MHZ),CORE10_PSTATE,CORE10_VOLT (V),CORE11_ENERGY (J),CORE11_FREQ (MHZ),CORE11_PSTATE,CORE11_VOLT (V),CORE1_ENERGY (J),CORE1_FREQ (MHZ),CORE1_PSTATE,CORE1_VOLT (V),CORE2_ENERGY (J),CORE2_FREQ (MHZ),CORE2_PSTATE,CORE2_VOLT (V),CORE3_ENERGY (J),CORE3_FREQ (MHZ),CORE3_PSTATE,CORE3_VOLT (V),CORE4_ENERGY (J),CORE4_FREQ (MHZ),CORE4_PSTATE,CORE4_VOLT (V),CORE5_ENERGY (J),CORE5_FREQ (MHZ),CORE5_PSTATE,CORE5_VOLT (V),CORE6_ENERGY (J),CORE6_FREQ (MHZ),CORE6_PSTATE,CORE6_VOLT (V),CORE7_ENERGY (J),CORE7_FREQ (MHZ),CORE7_PSTATE,CORE7_VOLT (V),CORE8_ENERGY (J),CORE8_FREQ (MHZ),CORE8_PSTATE,CORE8_VOLT (V),CORE9_ENERGY (J),CORE9_FREQ (MHZ),CORE9_PSTATE,CORE9_VOLT (V),CPU_ENERGY (J),CPU_FREQUENCY_0,CPU_FREQUENCY_1,CPU_FREQUENCY_10,CPU_FREQUENCY_11,CPU_FREQUENCY_12,CPU_FREQUENCY_13,CPU_FREQUENCY_14,CPU_FREQUENCY_15,CPU_FREQUENCY_16,CPU_FREQUENCY_17,CPU_FREQUENCY_18,CPU_FREQUENCY_19,CPU_FREQUENCY_2,CPU_FREQUENCY_20,CPU_FREQUENCY_21,CPU_FREQUENCY_22,CPU_FREQUENCY_23,CPU_FREQUENCY_3,CPU_FREQUENCY_4,CPU_FREQUENCY_5,CPU_FREQUENCY_6,CPU_FREQUENCY_7,CPU_FREQUENCY_8,CPU_FREQUENCY_9,CPU_USAGE_0,CPU_USAGE_1,CPU_USAGE_10,CPU_USAGE_11,CPU_USAGE_12,CPU_USAGE_13,CPU_USAGE_14,CPU_USAGE_15,CPU_USAGE_16,CPU_USAGE_17,CPU_USAGE_18,CPU_USAGE_19,CPU_USAGE_2,CPU_USAGE_20,CPU_USAGE_21,CPU_USAGE_22,CPU_USAGE_23,CPU_USAGE_3,CPU_USAGE_4,CPU_USAGE_5,CPU_USAGE_6,CPU_USAGE_7,CPU_USAGE_8,CPU_USAGE_9,TOTAL_MEMORY,TOTAL_SWAP,USED_MEMORY,USED_SWAP
0,1697707920906,1442.592041015625,4700,1,0.29374999999999996,1112.5018310546875,4700,1,0.29374999999999996,2308.1114501953125,4700,1,0.29374999999999996,1548.1246948242188,4700,1,0.29374999999999996,2127.138458251953,4700,1,0.29374999999999996,1491.0675354003906,4700,1,0.29374999999999996,1404.5479888916016,4700,1,0.29374999999999996,1882.531982421875,4700,1,0.29374999999999996,1640.0875396728516,4700,1,0.29374999999999996,1677.6119995117188,4700,1,0.29374999999999996,1690.6219787597656,4700,1,0.29374999999999996,1384.7662200927734,4700,1,0.29374999999999996,2927869.347137451,0,0,0,0,0,0,0,0,0,0,0,0,0,0,0,0,0,0,0,0,0,0,0,0,0,0,0,0,0,0,0,0,0,0,0,0,0,0,0,0,0,0,0,0,0,0,0,0,66481061888,2147479552,6323253248,0
99,1697707920906,1442.5921783447266,4700,1,0.30000000000000004,1112.5165252685547,4700,1,0.30000000000000004,2308.111587524414,4700,1,0.30000000000000004,1548.1248321533203,4700,1,0.30000000000000004,2127.1385955810547,4700,1,0.30000000000000004,1491.0676727294922,4700,1,0.30000000000000004,1404.5481262207031,4700,1,0.30000000000000004,1882.5321197509766,4700,1,0.30000000000000004,1640.087631225586,4700,1,0.30000000000000004,1677.6120910644531,4700,1,0.30000000000000004,1690.6220703125,4700,1,0.30000000000000004,1384.766586303711,4700,1,0.30000000000000004,2927869.4598846436,0,0,0,0,0,0,0,0,0,0,0,0,0,0,0,0,0,0,0,0,0,0,0,0,0,0,0,0,0,0,0,0,0,0,0,0,0,0,0,0,0,0,0,0,0,0,0,0,66481061888,2147479552,6323253248,0
99,1697707921007,1442.5929870605469,4700,1,0.30000000000000004,1112.5378112792969,4700,1,0.30000000000000004,2308.1124267578125,4700,1,0.30000000000000004,1548.1256408691406,4700,1,0.30000000000000004,2127.139404296875,4700,1,0.30000000000000004,1491.0711059570313,4700,1,0.30000000000000004,1404.5489349365234,4700,1,0.30000000000000004,1882.5329284667969,4700,1,0.30000000000000004,1640.0880584716797,4700,1,0.30000000000000004,1677.6144104003906,4700,1,0.30000000000000004,1690.6224975585938,4700,1,0.30000000000000004,1384.7670135498047,4700,1,0.30000000000000004,2927871.564163208,0,0,0,0,0,0,0,0,0,0,0,0,0,0,0,0,0,0,0,0,0,0,0,0,0,0,0,0,0,0,0,0,0,0,0,0,0,0,0,0,0,0,0,0,0,0,0,0,66481061888,2147479552,6323253248,0
99,1697707921107,1442.5943908691406,4700,1,0.30000000000000004,1112.5510864257813,4700,1,0.30000000000000004,2308.1136474609375,4700,1,0.30000000000000004,1548.1270599365234,4700,1,0.30000000000000004,2127.1407012939453,4700,1,0.30000000000000004,1491.0724029541016,4700,1,0.30000000000000004,1404.5525512695313,4700,1,0.30000000000000004,1882.534683227539,4700,1,0.30000000000000004,1640.0887756347656,4700,1,0.30000000000000004,1677.6157836914063,4700,1,0.30000000000000004,1690.6231689453125,4700,1,0.30000000000000004,1384.7677764892578,4700,1,0.30000000000000004,2927873.691467285,0,0,0,0,0,0,0,0,0,0,0,0,0,0,0,0,0,0,0,0,0,0,0,0,0,0,0,0,0,0,0,0,0,0,0,0,0,0,0,0,0,0,0,0,0,0,0,0,66481061888,2147479552,6323253248,0
99,1697707921207,1442.596450805664,4700,1,0.30000000000000004,1112.5739440917969,4700,1,0.29374999999999996,2308.125274658203,4700,1,0.29374999999999996,1548.1290893554688,4700,1,0.30000000000000004,2127.1427307128906,4700,1,0.30000000000000004,1491.0749053955078,4700,1,0.30000000000000004,1404.5545806884766,4700,1,0.30000000000000004,1882.5379943847656,4700,1,0.30000000000000004,1640.1105041503906,4700,1,0.30000000000000004,1677.6208038330078,4700,1,0.30000000000000004,1690.6260681152344,4700,1,0.30000000000000004,1384.7688751220703,4700,1,0.29374999999999996,2927876.339248657,0,0,0,0,0,0,0,0,0,0,0,0,0,0,0,0,0,0,0,0,0,0,0,0,0,0,0,0,0,0,0,0,0,0,0,0,0,0,0,0,0,0,0,0,0,0,0,0,66481061888,2147479552,6323253248,0
99,1697707921308,1442.5980072021484,4700,1,0.29374999999999996,1112.5929260253906,4700,1,0.30000000000000004,2308.126739501953,4700,1,0.30000000000000004,1548.130599975586,4700,1,0.29374999999999996,2127.1463928222656,4700,1,0.29374999999999996,1491.076431274414,4700,1,0.29374999999999996,1404.5561065673828,4700,1,0.29374999999999996,1882.539794921875,4700,1,0.29374999999999996,1640.1112365722656,4700,1,0.30000000000000004,1677.6221008300781,4700,1,0.30000000000000004,1690.6268005371094,4700,1,0.30000000000000004,1384.7696075439453,4700,1,0.30000000000000004,2927878.6587524414,0,0,0,0,0,0,0,0,0,0,0,0,0,0,0,0,0,0,0,0,0,0,0,0,0,0,0,0,0,0,0,0,0,0,0,0,0,0,0,0,0,0,0,0,0,0,0,0,66481061888,2147479552,6323253248,0
99,1697707921408,1442.5990447998047,4700,1,0.29374999999999996,1112.610122680664,4700,1,0.30000000000000004,2308.136993408203,4700,1,0.30000000000000004,1548.1315460205078,4700,1,0.29374999999999996,2127.1473083496094,4700,1,0.29374999999999996,1491.0796661376953,4700,1,0.30000000000000004,1404.5570220947266,4700,1,0.30000000000000004,1882.5407104492188,4700,1,0.30000000000000004,1640.1117095947266,4700,1,0.30000000000000004,1677.6226196289063,4700,1,0.30000000000000004,1690.6272735595703,4700,1,0.30000000000000004,1384.7703704833984,4700,1,0.30000000000000004,2927880.7325439453,0,0,0,0,0,0,0,0,0,0,0,0,0,0,0,0,0,0,0,0,0,0,0,0,0,0,0,0,0,0,0,0,0,0,0,0,0,0,0,0,0,0,0,0,0,0,0,0,66481061888,2147479552,6323253248,0
99,1697707921508,1442.5999298095703,4700,1,0.30000000000000004,1112.627944946289,4700,1,0.30000000000000004,2308.1383514404297,4700,1,0.30000000000000004,1548.1324005126953,4700,1,0.30000000000000004,2127.1502227783203,4700,1,0.30000000000000004,1491.08056640625,4700,1,0.30000000000000004,1404.557876586914,4700,1,0.30000000000000004,1882.5421905517578,4700,1,0.30000000000000004,1640.113052368164,4700,1,0.30000000000000004,1677.6231231689453,4700,1,0.30000000000000004,1690.629379272461,4700,1,0.30000000000000004,1384.7726593017578,4700,1,0.30000000000000004,2927882.783935547,0,0,0,0,0,0,0,0,0,0,0,0,0,0,0,0,0,0,0,0,0,0,0,0,0,0,0,0,0,0,0,0,0,0,0,0,0,0,0,0,0,0,0,0,0,0,0,0,66481061888,2147479552,6323253248,0
99,1697707921609,1442.6260681152344,4700,1,0.29374999999999996,1112.6628112792969,4700,1,0.29374999999999996,2308.154754638672,4700,1,0.29374999999999996,1548.1604919433594,4700,1,0.29374999999999996,2127.1697998046875,4700,1,0.29374999999999996,1491.1033630371094,4700,1,0.29374999999999996,1404.583755493164,4700,1,0.29374999999999996,1882.5680389404297,4700,1,0.29374999999999996,1640.1340637207031,4700,1,0.29374999999999996,1677.639663696289,4700,1,0.29374999999999996,1690.6529235839844,4700,1,0.29374999999999996,1384.7852935791016,4700,1,0.29374999999999996,2927885.322052002,0,0,0,0,0,0,0,0,0,0,0,0,0,0,0,0,0,0,0,0,0,0,0,0,0,0,0,0,0,0,0,0,0,0,0,0,0,0,0,0,0,0,0,0,0,0,0,0,66481061888,2147479552,6317948928,0
99,1697707921709,1442.6610412597656,4700,1,0.29374999999999996,1112.69384765625,4700,1,0.30000000000000004,2308.1674194335938,4700,1,0.30000000000000004,1548.184814453125,4700,1,0.29374999999999996,2127.2079162597656,4700,1,0.30000000000000004,1491.1278533935547,4700,1,0.30000000000000004,1404.5990905761719,4700,1,0.30000000000000004,1882.597885131836,4700,1,0.30000000000000004,1640.1557312011719,4700,1,0.30000000000000004,1677.6541442871094,4700,1,0.30000000000000004,1690.6671295166016,4700,1,0.30000000000000004,1384.8105010986328,4700,1,0.30000000000000004,2927887.9175567627,0,0,0,0,0,0,0,0,0,0,0,0,0,0,0,0,0,0,0,0,0,0,0,0,0,0,0,0,0,0,0,0,0,0,0,0,0,0,0,0,0,0,0,0,0,0,0,0,66481061888,2147479552,6318206976,0
99,1697707921809,1442.6632690429688,4700,1,0.30000000000000004,1112.7182312011719,4700,1,0.30000000000000004,2308.1774291992188,4700,1,0.30000000000000004,1548.1867218017578,4700,1,0.30000000000000004,2127.2100372314453,4700,1,0.30000000000000004,1491.1317901611328,4700,1,0.30000000000000004,1404.6009979248047,4700,1,0.30000000000000004,1882.6012268066406,4700,1,0.30000000000000004,1640.1578674316406,4700,1,0.30000000000000004,1677.656021118164,4700,1,0.30000000000000004,1690.6697692871094,4700,1,0.30000000000000004,1384.8117370605469,4700,1,0.30000000000000004,2927890.441055298,0,0,0,0,0,0,0,0,0,0,0,0,0,0,0,0,0,0,0,0,0,0,0,0,0,0,0,0,0,0,0,0,0,0,0,0,0,0,0,0,0,0,0,0,0,0,0,0,66481061888,2147479552,6318206976,0
99,1697707921909,1442.6641845703125,4700,1,0.30000000000000004,1112.7361907958984,4700,1,0.30000000000000004,2308.178909301758,4700,1,0.30000000000000004,1548.1876373291016,4700,1,0.30000000000000004,2127.210952758789,4700,1,0.30000000000000004,1491.1327056884766,4700,1,0.30000000000000004,1404.6019134521484,4700,1,0.30000000000000004,1882.6045227050781,4700,1,0.30000000000000004,1640.1583557128906,4700,1,0.30000000000000004,1677.6566009521484,4700,1,0.30000000000000004,1690.6702575683594,4700,1,0.30000000000000004,1384.8122253417969,4700,1,0.30000000000000004,2927892.4667663574,0,0,0,0,0,0,0,0,0,0,0,0,0,0,0,0,0,0,0,0,0,0,0,0,0,0,0,0,0,0,0,0,0,0,0,0,0,0,0,0,0,0,0,0,0,0,0,0,66481061888,2147479552,6318206976,0
99,1697707922009,1442.6652069091797,4700,1,0.30000000000000004,1112.7538146972656,4700,1,0.30000000000000004,2308.1805419921875,4700,1,0.30000000000000004,1548.188735961914,4700,1,0.30000000000000004,2127.2119140625,4700,1,0.30000000000000004,1491.1336669921875,4700,1,0.30000000000000004,1404.6028747558594,4700,1,0.30000000000000004,1882.605484008789,4700,1,0.30000000000000004,1640.1588439941406,4700,1,0.30000000000000004,1677.6570892333984,4700,1,0.30000000000000004,1690.6707458496094,4700,1,0.30000000000000004,1384.8127136230469,4700,1,0.30000000000000004,2927894.5394439697,0,0,0,0,0,0,0,0,0,0,0,0,0,0,0,0,0,0,0,0,0,0,0,0,0,0,0,0,0,0,0,0,0,0,0,0,0,0,0,0,0,0,0,0,0,0,0,0,66481061888,2147479552,6318206976,0
99,1697707922110,1442.6672668457031,4700,1,0.30000000000000004,1112.7693176269531,4700,1,0.30000000000000004,2308.1819458007813,4700,1,0.30000000000000004,1548.1959381103516,4700,1,0.30000000000000004,2127.2175903320313,4700,1,0.30000000000000004,1491.136978149414,4700,1,0.30000000000000004,1404.6065521240234,4700,1,0.30000000000000004,1882.6076049804688,4700,1,0.30000000000000004,1640.1621551513672,4700,1,0.30000000000000004,1677.6585388183594,4700,1,0.30000000000000004,1690.6716766357422,4700,1,0.30000000000000004,1384.8154602050781,4700,1,0.30000000000000004,2927896.9393615723,0,0,0,0,0,0,0,0,0,0,0,0,0,0,0,0,0,0,0,0,0,0,0,0,0,0,0,0,0,0,0,0,0,0,0,0,0,0,0,0,0,0,0,0,0,0,0,0,66481061888,2147479552,6318206976,0
99,1697707922210,1442.6686096191406,4700,1,0.29374999999999996,1112.787582397461,4700,1,0.29374999999999996,2308.1873626708984,4700,1,0.29374999999999996,1548.1969909667969,4700,1,0.29374999999999996,2127.2186431884766,4700,1,0.29374999999999996,1491.1380310058594,4700,1,0.29374999999999996,1404.6076049804688,4700,1,0.29374999999999996,1882.608657836914,4700,1,0.29374999999999996,1640.1626892089844,4700,1,0.29374999999999996,1677.6590728759766,4700,1,0.29374999999999996,1690.6722106933594,4700,1,0.29374999999999996,1384.8212585449219,4700,1,0.29374999999999996,2927899.068496704,0,0,0,0,0,0,0,0,0,0,0,0,0,0,0,0,0,0,0,0,0,0,0,0,0,0,0,0,0,0,0,0,0,0,0,0,0,0,0,0,0,0,0,0,0,0,0,0,66481061888,2147479552,6318206976,0
99,1697707922310,1442.6696472167969,4700,1,0.30000000000000004,1112.814224243164,4700,1,0.30000000000000004,2308.1917572021484,4700,1,0.30000000000000004,1548.198013305664,4700,1,0.30000000000000004,2127.221221923828,4700,1,0.30000000000000004,1491.1390533447266,4700,1,0.30000000000000004,1404.608627319336,4700,1,0.30000000000000004,1882.6117858886719,4700,1,0.30000000000000004,1640.1632232666016,4700,1,0.30000000000000004,1677.6596069335938,4700,1,0.30000000000000004,1690.6727447509766,4700,1,0.30000000000000004,1384.821792602539,4700,1,0.30000000000000004,2927901.165283203,0,0,0,0,0,0,0,0,0,0,0,0,0,0,0,0,0,0,0,0,0,0,0,0,0,0,0,0,0,0,0,0,0,0,0,0,0,0,0,0,0,0,0,0,0,0,0,0,66481061888,2147479552,6318206976,0
99,1697707922410,1442.671630859375,4700,1,0.29374999999999996,1112.834487915039,4700,1,0.30000000000000004,2308.202880859375,4700,1,0.30000000000000004,1548.1999816894531,4700,1,0.30000000000000004,2127.223114013672,4700,1,0.30000000000000004,1491.1421813964844,4700,1,0.30000000000000004,1404.6105194091797,4700,1,0.30000000000000004,1882.6141510009766,4700,1,0.30000000000000004,1640.1648406982422,4700,1,0.30000000000000004,1677.6624450683594,4700,1,0.30000000000000004,1690.6747589111328,4700,1,0.30000000000000004,1384.8227233886719,4700,1,0.30000000000000004,2927903.559310913,0,0,0,0,0,0,0,0,0,0,0,0,0,0,0,0,0,0,0,0,0,0,0,0,0,0,0,0,0,0,0,0,0,0,0,0,0,0,0,0,0,0,0,0,0,0,0,0,66481061888,2147479552,6318206976,0
99,1697707922510,1442.6727905273438,4700,1,0.30000000000000004,1112.8540496826172,4700,1,0.30000000000000004,2308.213409423828,4700,1,0.30000000000000004,1548.2011413574219,4700,1,0.30000000000000004,2127.2242736816406,4700,1,0.30000000000000004,1491.1433410644531,4700,1,0.30000000000000004,1404.6116790771484,4700,1,0.30000000000000004,1882.6153106689453,4700,1,0.30000000000000004,1640.1654510498047,4700,1,0.30000000000000004,1677.6632080078125,4700,1,0.30000000000000004,1690.6753692626953,4700,1,0.30000000000000004,1384.8233337402344,4700,1,0.30000000000000004,2927905.7009887695,0,0,0,0,0,0,0,0,0,0,0,0,0,0,0,0,0,0,0,0,0,0,0,0,0,0,0,0,0,0,0,0,0,0,0,0,0,0,0,0,0,0,0,0,0,0,0,0,66481061888,2147479552,6318206976,0
99,1697707922610,1442.6740112304688,4700,1,0.29374999999999996,1112.8737487792969,4700,1,0.29374999999999996,2308.215072631836,4700,1,0.29374999999999996,1548.2068634033203,4700,1,0.29374999999999996,2127.2255096435547,4700,1,0.29374999999999996,1491.144546508789,4700,1,0.29374999999999996,1404.6128845214844,4700,1,0.29374999999999996,1882.6168060302734,4700,1,0.29374999999999996,1640.1661224365234,4700,1,0.29374999999999996,1677.6638793945313,4700,1,0.29374999999999996,1690.676040649414,4700,1,0.29374999999999996,1384.8240051269531,4700,1,0.29374999999999996,2927907.9144439697,0,0,0,0,0,0,0,0,0,0,0,0,0,0,0,0,0,0,0,0,0,0,0,0,0,0,0,0,0,0,0,0,0,0,0,0,0,0,0,0,0,0,0,0,0,0,0,0,66481061888,2147479552,6318206976,0
99,1697707922711,1442.6753845214844,4700,1,0.30000000000000004,1112.893783569336,4700,1,0.30000000000000004,2308.217300415039,4700,1,0.30000000000000004,1548.2081604003906,4700,1,0.30000000000000004,2127.226806640625,4700,1,0.30000000000000004,1491.146728515625,4700,1,0.30000000000000004,1404.6168365478516,4700,1,0.30000000000000004,1882.6181945800781,4700,1,0.30000000000000004,1640.1680297851563,4700,1,0.30000000000000004,1677.66455078125,4700,1,0.30000000000000004,1690.6767120361328,4700,1,0.30000000000000004,1384.8246765136719,4700,1,0.30000000000000004,2927910.1690826416,0,0,0,0,0,0,0,0,0,0,0,0,0,0,0,0,0,0,0,0,0,0,0,0,0,0,0,0,0,0,0,0,0,0,0,0,0,0,0,0,0,0,0,0,0,0,0,0,66481061888,2147479552,6318206976,0
99,1697707922811,1442.6766815185547,4700,1,0.29374999999999996,1112.917221069336,4700,1,0.29374999999999996,2308.2198791503906,4700,1,0.29374999999999996,1548.2094268798828,4700,1,0.29374999999999996,2127.228057861328,4700,1,0.29374999999999996,1491.147964477539,4700,1,0.29374999999999996,1404.6180877685547,4700,1,0.29374999999999996,1882.6208801269531,4700,1,0.29374999999999996,1640.1686401367188,4700,1,0.29374999999999996,1677.6671447753906,4700,1,0.29374999999999996,1690.6773834228516,4700,1,0.29374999999999996,1384.8252716064453,4700,1,0.29374999999999996,2927912.374694824,0,0,0,0,0,0,0,0,0,0,0,0,0,0,0,0,0,0,0,0,0,0,0,0,0,0,0,0,0,0,0,0,0,0,0,0,0,0,0,0,0,0,0,0,0,0,0,0,66481061888,2147479552,6318206976,0
99,1697707922911,1442.6775512695313,4700,1,0.29374999999999996,1112.936279296875,4700,1,0.30000000000000004,2308.2303466796875,4700,1,0.30000000000000004,1548.2102508544922,4700,1,0.30000000000000004,2127.2288818359375,4700,1,0.30000000000000004,1491.1487884521484,4700,1,0.30000000000000004,1404.618911743164,4700,1,0.30000000000000004,1882.6217193603516,4700,1,0.30000000000000004,1640.1690826416016,4700,1,0.30000000000000004,1677.6675872802734,4700,1,0.30000000000000004,1690.6778259277344,4700,1,0.30000000000000004,1384.8257141113281,4700,1,0.30000000000000004,2927914.3800201416,0,0,0,0,0,0,0,0,0,0,0,0,0,0,0,0,0,0,0,0,0,0,0,0,0,0,0,0,0,0,0,0,0,0,0,0,0,0,0,0,0,0,0,0,0,0,0,0,66481061888,2147479552,6318206976,0
99,1697707923011,1442.6790008544922,4700,1,0.30000000000000004,1112.9559020996094,4700,1,0.30000000000000004,2308.2418060302734,4700,1,0.30000000000000004,1548.2117156982422,4700,1,0.30000000000000004,2127.2302856445313,4700,1,0.30000000000000004,1491.150863647461,4700,1,0.30000000000000004,1404.6203155517578,4700,1,0.30000000000000004,1882.6238861083984,4700,1,0.30000000000000004,1640.1714935302734,4700,1,0.30000000000000004,1677.6688995361328,4700,1,0.30000000000000004,1690.6792449951172,4700,1,0.30000000000000004,1384.8265075683594,4700,1,0.30000000000000004,2927916.6790161133,0,0,0,0,0,0,0,0,0,0,0,0,0,0,0,0,0,0,0,0,0,0,0,0,0,0,0,0,0,0,0,0,0,0,0,0,0,0,0,0,0,0,0,0,0,0,0,0,66481061888,2147479552,6318206976,0
99,1697707923111,1442.6800231933594,4700,1,0.29374999999999996,1112.9750213623047,4700,1,0.29374999999999996,2308.243438720703,4700,1,0.29374999999999996,1548.2126922607422,4700,1,0.29374999999999996,2127.2313690185547,4700,1,0.29374999999999996,1491.151870727539,4700,1,0.29374999999999996,1404.623306274414,4700,1,0.29374999999999996,1882.6250457763672,4700,1,0.29374999999999996,1640.1720275878906,4700,1,0.29374999999999996,1677.66943359375,4700,1,0.29374999999999996,1690.6797790527344,4700,1,0.29374999999999996,1384.8270416259766,4700,1,0.29374999999999996,2927918.7572631836,0,0,0,0,0,0,0,0,0,0,0,0,0,0,0,0,0,0,0,0,0,0,0,0,0,0,0,0,0,0,0,0,0,0,0,0,0,0,0,0,0,0,0,0,0,0,0,0,66481061888,2147479552,6318206976,0
99,1697707923212,1442.6810913085938,4700,1,0.29374999999999996,1112.9944763183594,4700,1,0.30000000000000004,2308.245376586914,4700,1,0.30000000000000004,1548.2136993408203,4700,1,0.30000000000000004,2127.232376098633,4700,1,0.30000000000000004,1491.1528778076172,4700,1,0.30000000000000004,1404.6243133544922,4700,1,0.30000000000000004,1882.6260528564453,4700,1,0.30000000000000004,1640.1725769042969,4700,1,0.30000000000000004,1677.6699829101563,4700,1,0.30000000000000004,1690.6803283691406,4700,1,0.30000000000000004,1384.8278350830078,4700,1,0.30000000000000004,2927920.8649902344,0,0,0,0,0,0,0,0,0,0,0,0,0,0,0,0,0,0,0,0,0,0,0,0,0,0,0,0,0,0,0,0,0,0,0,0,0,0,0,0,0,0,0,0,0,0,0,0,66481061888,2147479552,6318206976,0
99,1697707923312,1442.6825714111328,4700,1,0.29374999999999996,1113.0186004638672,4700,1,0.30000000000000004,2308.2471466064453,4700,1,0.30000000000000004,1548.2151184082031,4700,1,0.30000000000000004,2127.234344482422,4700,1,0.30000000000000004,1491.1544647216797,4700,1,0.30000000000000004,1404.625732421875,4700,1,0.30000000000000004,1882.6352996826172,4700,1,0.30000000000000004,1640.1739807128906,4700,1,0.30000000000000004,1677.6707000732422,4700,1,0.30000000000000004,1690.6810455322266,4700,1,0.30000000000000004,1384.8285522460938,4700,1,0.30000000000000004,2927923.1342315674,0,0,0,0,0,0,0,0,0,0,0,0,0,0,0,0,0,0,0,0,0,0,0,0,0,0,0,0,0,0,0,0,0,0,0,0,0,0,0,0,0,0,0,0,0,0,0,0,66481061888,2147479552,6318206976,0
99,1697707923412,1442.6840362548828,4700,1,0.29374999999999996,1113.0375213623047,4700,1,0.30000000000000004,2308.259796142578,4700,1,0.30000000000000004,1548.216537475586,4700,1,0.30000000000000004,2127.236114501953,4700,1,0.30000000000000004,1491.1559448242188,4700,1,0.30000000000000004,1404.6271362304688,4700,1,0.30000000000000004,1882.6369323730469,4700,1,0.30000000000000004,1640.1746673583984,4700,1,0.30000000000000004,1677.6714172363281,4700,1,0.30000000000000004,1690.6817321777344,4700,1,0.30000000000000004,1384.8292388916016,4700,1,0.30000000000000004,2927925.3740997314,0,0,0,0,0,0,0,0,0,0,0,0,0,0,0,0,0,0,0,0,0,0,0,0,0,0,0,0,0,0,0,0,0,0,0,0,0,0,0,0,0,0,0,0,0,0,0,0,66481061888,2147479552,6318206976,0
99,1697707923512,1442.6852416992188,4700,1,0.30000000000000004,1113.0558624267578,4700,1,0.30000000000000004,2308.2613677978516,4700,1,0.30000000000000004,1548.2177276611328,4700,1,0.30000000000000004,2127.2373046875,4700,1,0.30000000000000004,1491.1571197509766,4700,1,0.30000000000000004,1404.6283264160156,4700,1,0.30000000000000004,1882.63818359375,4700,1,0.30000000000000004,1640.17529296875,4700,1,0.30000000000000004,1677.6720428466797,4700,1,0.30000000000000004,1690.6824340820313,4700,1,0.30000000000000004,1384.829849243164,4700,1,0.30000000000000004,2927927.474334717,0,0,0,0,0,0,0,0,0,0,0,0,0,0,0,0,0,0,0,0,0,0,0,0,0,0,0,0,0,0,0,0,0,0,0,0,0,0,0,0,0,0,0,0,0,0,0,0,66481061888,2147479552,6318206976,0
99,1697707923612,1442.6872253417969,4700,1,0.29374999999999996,1113.0751190185547,4700,1,0.29374999999999996,2308.2713470458984,4700,1,0.29374999999999996,1548.2198638916016,4700,1,0.29374999999999996,2127.239242553711,4700,1,0.29374999999999996,1491.1612854003906,4700,1,0.29374999999999996,1404.6321563720703,4700,1,0.29374999999999996,1882.6406707763672,4700,1,0.29374999999999996,1640.17724609375,4700,1,0.29374999999999996,1677.6748962402344,4700,1,0.29374999999999996,1690.6838073730469,4700,1,0.29374999999999996,1384.8330993652344,4700,1,0.29374999999999996,2927930.035446167,0,0,0,0,0,0,0,0,0,0,0,0,0,0,0,0,0,0,0,0,0,0,0,0,0,0,0,0,0,0,0,0,0,0,0,0,0,0,0,0,0,0,0,0,0,0,0,0,66481061888,2147479552,6318206976,0
99,1697707923712,1442.688461303711,4700,1,0.30000000000000004,1113.0935668945313,4700,1,0.30000000000000004,2308.2725219726563,4700,1,0.30000000000000004,1548.2210845947266,4700,1,0.30000000000000004,2127.2403869628906,4700,1,0.30000000000000004,1491.1621704101563,4700,1,0.30000000000000004,1404.633041381836,4700,1,0.30000000000000004,1882.6415557861328,4700,1,0.30000000000000004,1640.177719116211,4700,1,0.30000000000000004,1677.6754150390625,4700,1,0.30000000000000004,1690.6842803955078,4700,1,0.30000000000000004,1384.8335571289063,4700,1,0.30000000000000004,2927932.082397461,0,0,0,0,0,0,0,0,0,0,0,0,0,0,0,0,0,0,0,0,0,0,0,0,0,0,0,0,0,0,0,0,0,0,0,0,0,0,0,0,0,0,0,0,0,0,0,0,66481061888,2147479552,6318206976,0
99,1697707923813,1442.6900482177734,4700,1,0.29374999999999996,1113.1114044189453,4700,1,0.29374999999999996,2308.2738189697266,4700,1,0.29374999999999996,1548.2225341796875,4700,1,0.29374999999999996,2127.2418212890625,4700,1,0.29374999999999996,1491.1637725830078,4700,1,0.29374999999999996,1404.6346435546875,4700,1,0.29374999999999996,1882.6444244384766,4700,1,0.29374999999999996,1640.1786651611328,4700,1,0.29374999999999996,1677.6787872314453,4700,1,0.29374999999999996,1690.6854705810547,4700,1,0.29374999999999996,1384.8346557617188,4700,1,0.29374999999999996,2927934.369735718,0,0,0,0,0,0,0,0,0,0,0,0,0,0,0,0,0,0,0,0,0,0,0,0,0,0,0,0,0,0,0,0,0,0,0,0,0,0,0,0,0,0,0,0,0,0,0,0,66481061888,2147479552,6318206976,0
99,1697707923913,1442.6908264160156,4700,1,0.30000000000000004,1113.1336975097656,4700,1,0.30000000000000004,2308.2747955322266,4700,1,0.30000000000000004,1548.2234802246094,4700,1,0.30000000000000004,2127.242630004883,4700,1,0.30000000000000004,1491.1646270751953,4700,1,0.30000000000000004,1404.6354522705078,4700,1,0.30000000000000004,1882.645767211914,4700,1,0.30000000000000004,1640.179183959961,4700,1,0.30000000000000004,1677.6793518066406,4700,1,0.30000000000000004,1690.6858978271484,4700,1,0.30000000000000004,1384.8350830078125,4700,1,0.30000000000000004,2927936.4059143066,0,0,0,0,0,0,0,0,0,0,0,0,0,0,0,0,0,0,0,0,0,0,0,0,0,0,0,0,0,0,0,0,0,0,0,0,0,0,0,0,0,0,0,0,0,0,0,0,66481061888,2147479552,6318206976,0
99,1697707924013,1442.6917419433594,4700,1,0.30000000000000004,1113.1516418457031,4700,1,0.29374999999999996,2308.2758026123047,4700,1,0.29374999999999996,1548.2244262695313,4700,1,0.30000000000000004,2127.2434997558594,4700,1,0.30000000000000004,1491.1654968261719,4700,1,0.30000000000000004,1404.6363525390625,4700,1,0.30000000000000004,1882.646713256836,4700,1,0.30000000000000004,1640.179672241211,4700,1,0.30000000000000004,1677.6800842285156,4700,1,0.30000000000000004,1690.6863861083984,4700,1,0.29374999999999996,1384.8358612060547,4700,1,0.29374999999999996,2927938.4545288086,0,0,0,0,0,0,0,0,0,0,0,0,0,0,0,0,0,0,0,0,0,0,0,0,0,0,0,0,0,0,0,0,0,0,0,0,0,0,0,0,0,0,0,0,0,0,0,0,66481061888,2147479552,6318206976,0
99,1697707924113,1442.6932830810547,4700,1,0.30000000000000004,1113.1688232421875,4700,1,0.29374999999999996,2308.2772674560547,4700,1,0.29374999999999996,1548.2282104492188,4700,1,0.30000000000000004,2127.2450408935547,4700,1,0.30000000000000004,1491.1670532226563,4700,1,0.30000000000000004,1404.6396484375,4700,1,0.30000000000000004,1882.648422241211,4700,1,0.29374999999999996,1640.1804809570313,4700,1,0.29374999999999996,1677.6809387207031,4700,1,0.29374999999999996,1690.6871948242188,4700,1,0.29374999999999996,1384.8402862548828,4700,1,0.29374999999999996,2927940.7615509033,0,0,0,0,0,0,0,0,0,0,0,0,0,0,0,0,0,0,0,0,0,0,0,0,0,0,0,0,0,0,0,0,0,0,0,0,0,0,0,0,0,0,0,0,0,0,0,0,66481061888,2147479552,6318206976,0
99,1697707924214,1442.6950073242188,4700,1,0.30000000000000004,1113.1866302490234,4700,1,0.30000000000000004,2308.289840698242,4700,1,0.30000000000000004,1548.229751586914,4700,1,0.30000000000000004,2127.24658203125,4700,1,0.30000000000000004,1491.169906616211,4700,1,0.30000000000000004,1404.6411895751953,4700,1,0.30000000000000004,1882.6504516601563,4700,1,0.30000000000000004,1640.1832580566406,4700,1,0.30000000000000004,1677.682113647461,4700,1,0.30000000000000004,1690.6892547607422,4700,1,0.30000000000000004,1384.8410949707031,4700,1,0.30000000000000004,2927943.0597686768,0,0,0,0,0,0,0,0,0,0,0,0,0,0,0,0,0,0,0,0,0,0,0,0,0,0,0,0,0,0,0,0,0,0,0,0,0,0,0,0,0,0,0,0,0,0,0,0,66481061888,2147479552,6318206976,0
99,1697707924314,1442.6962432861328,4700,1,0.30000000000000004,1113.2048034667969,4700,1,0.30000000000000004,2308.2953186035156,4700,1,0.30000000000000004,1548.2332458496094,4700,1,0.30000000000000004,2127.2481536865234,4700,1,0.30000000000000004,1491.171127319336,4700,1,0.30000000000000004,1404.6424102783203,4700,1,0.30000000000000004,1882.6737976074219,4700,1,0.30000000000000004,1640.1838684082031,4700,1,0.30000000000000004,1677.6832885742188,4700,1,0.30000000000000004,1690.6898651123047,4700,1,0.30000000000000004,1384.8417053222656,4700,1,0.30000000000000004,2927945.268096924,0,0,0,0,0,0,0,0,0,0,0,0,0,0,0,0,0,0,0,0,0,0,0,0,0,0,0,0,0,0,0,0,0,0,0,0,0,0,0,0,0,0,0,0,0,0,0,0,66481061888,2147479552,6318206976,0
99,1697707924414,1442.6969909667969,4700,1,0.30000000000000004,1113.2243041992188,4700,1,0.30000000000000004,2308.305389404297,4700,1,0.30000000000000004,1548.2342529296875,4700,1,0.30000000000000004,2127.2488861083984,4700,1,0.30000000000000004,1491.172119140625,4700,1,0.30000000000000004,1404.6431427001953,4700,1,0.30000000000000004,1882.6745300292969,4700,1,0.30000000000000004,1640.1842651367188,4700,1,0.30000000000000004,1677.6837615966797,4700,1,0.30000000000000004,1690.6902618408203,4700,1,0.30000000000000004,1384.8421020507813,4700,1,0.30000000000000004,2927947.2745513916,0,0,0,0,0,0,0,0,0,0,0,0,0,0,0,0,0,0,0,0,0,0,0,0,0,0,0,0,0,0,0,0,0,0,0,0,0,0,0,0,0,0,0,0,0,0,0,0,66481061888,2147479552,6318206976,0
99,1697707924514,1442.6984405517578,4700,1,0.29374999999999996,1113.2437133789063,4700,1,0.29374999999999996,2308.306900024414,4700,1,0.29374999999999996,1548.2356567382813,4700,1,0.29374999999999996,2127.250289916992,4700,1,0.29374999999999996,1491.1736297607422,4700,1,0.29374999999999996,1404.644546508789,4700,1,0.29374999999999996,1882.6763763427734,4700,1,0.29374999999999996,1640.186019897461,4700,1,0.29374999999999996,1677.6846618652344,4700,1,0.29374999999999996,1690.6927337646484,4700,1,0.29374999999999996,1384.8428192138672,4700,1,0.29374999999999996,2927949.4910125732,0,0,0,0,0,0,0,0,0,0,0,0,0,0,0,0,0,0,0,0,0,0,0,0,0,0,0,0,0,0,0,0,0,0,0,0,0,0,0,0,0,0,0,0,0,0,0,0,66481061888,2147479552,6318206976,0
99,1697707924614,1442.699447631836,4700,1,0.29374999999999996,1113.2627868652344,4700,1,0.30000000000000004,2308.3172760009766,4700,1,0.30000000000000004,1548.2366638183594,4700,1,0.29374999999999996,2127.2512969970703,4700,1,0.30000000000000004,1491.1746368408203,4700,1,0.30000000000000004,1404.6455535888672,4700,1,0.30000000000000004,1882.6775665283203,4700,1,0.30000000000000004,1640.1865844726563,4700,1,0.30000000000000004,1677.685317993164,4700,1,0.30000000000000004,1690.6932983398438,4700,1,0.30000000000000004,1384.8433685302734,4700,1,0.30000000000000004,2927951.6227111816,0,0,0,0,0,0,0,0,0,0,0,0,0,0,0,0,0,0,0,0,0,0,0,0,0,0,0,0,0,0,0,0,0,0,0,0,0,0,0,0,0,0,0,0,0,0,0,0,66481061888,2147479552,6318206976,0
99,1697707924714,1442.7006225585938,4700,1,0.30000000000000004,1113.2818145751953,4700,1,0.30000000000000004,2308.3231048583984,4700,1,0.30000000000000004,1548.2400512695313,4700,1,0.30000000000000004,2127.252426147461,4700,1,0.30000000000000004,1491.175765991211,4700,1,0.30000000000000004,1404.6467742919922,4700,1,0.30000000000000004,1882.678695678711,4700,1,0.30000000000000004,1640.1871643066406,4700,1,0.30000000000000004,1677.6861267089844,4700,1,0.30000000000000004,1690.6938781738281,4700,1,0.30000000000000004,1384.8439483642578,4700,1,0.30000000000000004,2927953.785171509,0,0,0,0,0,0,0,0,0,0,0,0,0,0,0,0,0,0,0,0,0,0,0,0,0,0,0,0,0,0,0,0,0,0,0,0,0,0,0,0,0,0,0,0,0,0,0,0,66481061888,2147479552,6318206976,0
99,1697707924815,1442.7024383544922,4700,1,0.30000000000000004,1113.3024139404297,4700,1,0.30000000000000004,2308.338088989258,4700,1,0.30000000000000004,1548.2418060302734,4700,1,0.30000000000000004,2127.254180908203,4700,1,0.30000000000000004,1491.1779327392578,4700,1,0.30000000000000004,1404.6485290527344,4700,1,0.30000000000000004,1882.682861328125,4700,1,0.30000000000000004,1640.1969451904297,4700,1,0.30000000000000004,1677.6876220703125,4700,1,0.30000000000000004,1690.7035522460938,4700,1,0.30000000000000004,1384.8448638916016,4700,1,0.30000000000000004,2927956.246948242,0,0,0,0,0,0,0,0,0,0,0,0,0,0,0,0,0,0,0,0,0,0,0,0,0,0,0,0,0,0,0,0,0,0,0,0,0,0,0,0,0,0,0,0,0,0,0,0,66481061888,2147479552,6318206976,0
99,1697707924915,1442.7032928466797,4700,1,0.29374999999999996,1113.3299255371094,4700,1,0.30000000000000004,2308.351608276367,4700,1,0.30000000000000004,1548.2426300048828,4700,1,0.29374999999999996,2127.2550048828125,4700,1,0.30000000000000004,1491.1787567138672,4700,1,0.30000000000000004,1404.6493530273438,4700,1,0.30000000000000004,1882.6836853027344,4700,1,0.30000000000000004,1640.1973876953125,4700,1,0.30000000000000004,1677.6880645751953,4700,1,0.30000000000000004,1690.7039947509766,4700,1,0.30000000000000004,1384.8453063964844,4700,1,0.30000000000000004,2927958.2993774414,0,0,0,0,0,0,0,0,0,0,0,0,0,0,0,0,0,0,0,0,0,0,0,0,0,0,0,0,0,0,0,0,0,0,0,0,0,0,0,0,0,0,0,0,0,0,0,0,66481061888,2147479552,6318206976,0
99,1697707925015,1442.7042388916016,4700,1,0.30000000000000004,1113.3486022949219,4700,1,0.30000000000000004,2308.352798461914,4700,1,0.30000000000000004,1548.2437438964844,4700,1,0.30000000000000004,2127.2559661865234,4700,1,0.30000000000000004,1491.1797180175781,4700,1,0.30000000000000004,1404.6503143310547,4700,1,0.30000000000000004,1882.6847381591797,4700,1,0.30000000000000004,1640.1979064941406,4700,1,0.30000000000000004,1677.6891326904297,4700,1,0.30000000000000004,1690.7045135498047,4700,1,0.30000000000000004,1384.845932006836,4700,1,0.30000000000000004,2927960.347640991,0,0,0,0,0,0,0,0,0,0,0,0,0,0,0,0,0,0,0,0,0,0,0,0,0,0,0,0,0,0,0,0,0,0,0,0,0,0,0,0,0,0,0,0,0,0,0,0,66481061888,2147479552,6318206976,0
99,1697707925115,1442.705795288086,4700,1,0.30000000000000004,1113.3673553466797,4700,1,0.30000000000000004,2308.353973388672,4700,1,0.30000000000000004,1548.2452239990234,4700,1,0.30000000000000004,2127.2574005126953,4700,1,0.30000000000000004,1491.1833953857422,4700,1,0.30000000000000004,1404.6534118652344,4700,1,0.30000000000000004,1882.6865539550781,4700,1,0.30000000000000004,1640.1990661621094,4700,1,0.30000000000000004,1677.6901092529297,4700,1,0.30000000000000004,1690.705307006836,4700,1,0.30000000000000004,1384.8472290039063,4700,1,0.30000000000000004,2927962.691268921,0,0,0,0,0,0,0,0,0,0,0,0,0,0,0,0,0,0,0,0,0,0,0,0,0,0,0,0,0,0,0,0,0,0,0,0,0,0,0,0,0,0,0,0,0,0,0,0,66481061888,2147479552,6318206976,0
99,1697707925215,1442.7067108154297,4700,1,0.29374999999999996,1113.3853912353516,4700,1,0.29374999999999996,2308.3560943603516,4700,1,0.29374999999999996,1548.246109008789,4700,1,0.29374999999999996,2127.258316040039,4700,1,0.29374999999999996,1491.184341430664,4700,1,0.29374999999999996,1404.654312133789,4700,1,0.29374999999999996,1882.6874237060547,4700,1,0.29374999999999996,1640.1995849609375,4700,1,0.29374999999999996,1677.6906280517578,4700,1,0.29374999999999996,1690.705825805664,4700,1,0.29374999999999996,1384.8477478027344,4700,1,0.29374999999999996,2927964.7319335938,0,0,0,0,0,0,0,0,0,0,0,0,0,0,0,0,0,0,0,0,0,0,0,0,0,0,0,0,0,0,0,0,0,0,0,0,0,0,0,0,0,0,0,0,0,0,0,0,66481061888,2147479552,6318206976,0
99,1697707925316,1442.7081604003906,4700,1,0.29374999999999996,1113.4077911376953,4700,1,0.29374999999999996,2308.3672637939453,4700,1,0.29374999999999996,1548.2474365234375,4700,1,0.29374999999999996,2127.2621459960938,4700,1,0.29374999999999996,1491.1856384277344,4700,1,0.29374999999999996,1404.6556091308594,4700,1,0.29374999999999996,1882.6900939941406,4700,1,0.29374999999999996,1640.2002410888672,4700,1,0.29374999999999996,1677.6912841796875,4700,1,0.29374999999999996,1690.7064819335938,4700,1,0.29374999999999996,1384.848403930664,4700,1,0.29374999999999996,2927966.951980591,0,0,0,0,0,0,0,0,0,0,0,0,0,0,0,0,0,0,0,0,0,0,0,0,0,0,0,0,0,0,0,0,0,0,0,0,0,0,0,0,0,0,0,0,0,0,0,0,66481061888,2147479552,6318206976,0
99,1697707925416,1442.7100677490234,4700,1,0.30000000000000004,1113.4269256591797,4700,1,0.30000000000000004,2308.3902893066406,4700,1,0.30000000000000004,1548.251693725586,4700,1,0.30000000000000004,2127.263916015625,4700,1,0.30000000000000004,1491.1890258789063,4700,1,0.30000000000000004,1404.6572875976563,4700,1,0.30000000000000004,1882.6922760009766,4700,1,0.30000000000000004,1640.2056427001953,4700,1,0.30000000000000004,1677.6939086914063,4700,1,0.30000000000000004,1690.7088928222656,4700,1,0.30000000000000004,1384.8492736816406,4700,1,0.30000000000000004,2927969.405090332,0,0,0,0,0,0,0,0,0,0,0,0,0,0,0,0,0,0,0,0,0,0,0,0,0,0,0,0,0,0,0,0,0,0,0,0,0,0,0,0,0,0,0,0,0,0,0,0,66481061888,2147479552,6318206976,0
99,1697707925516,1442.7126159667969,4700,1,0.30000000000000004,1113.445297241211,4700,1,0.29374999999999996,2308.3919677734375,4700,1,0.29374999999999996,1548.2533569335938,4700,1,0.30000000000000004,2127.265579223633,4700,1,0.30000000000000004,1491.1907653808594,4700,1,0.29374999999999996,1404.658950805664,4700,1,0.29374999999999996,1882.6946105957031,4700,1,0.29374999999999996,1640.206787109375,4700,1,0.29374999999999996,1677.6947326660156,4700,1,0.29374999999999996,1690.709716796875,4700,1,0.29374999999999996,1384.8516998291016,4700,1,0.29374999999999996,2927971.7511901855,0,0,0,0,0,0,0,0,0,0,0,0,0,0,0,0,0,0,0,0,0,0,0,0,0,0,0,0,0,0,0,0,0,0,0,0,0,0,0,0,0,0,0,0,0,0,0,0,66481061888,2147479552,6318206976,0
99,1697707925616,1442.7134094238281,4700,1,0.30000000000000004,1113.4641571044922,4700,1,0.30000000000000004,2308.4015045166016,4700,1,0.30000000000000004,1548.2541198730469,4700,1,0.30000000000000004,2127.266342163086,4700,1,0.30000000000000004,1491.1914978027344,4700,1,0.30000000000000004,1404.6597137451172,4700,1,0.30000000000000004,1882.6954803466797,4700,1,0.30000000000000004,1640.2072296142578,4700,1,0.30000000000000004,1677.6951751708984,4700,1,0.30000000000000004,1690.7101593017578,4700,1,0.30000000000000004,1384.8521423339844,4700,1,0.30000000000000004,2927973.709121704,0,0,0,0,0,0,0,0,0,0,0,0,0,0,0,0,0,0,0,0,0,0,0,0,0,0,0,0,0,0,0,0,0,0,0,0,0,0,0,0,0,0,0,0,0,0,0,0,66481061888,2147479552,6318206976,0
99,1697707925716,1442.7149047851563,4700,1,0.30000000000000004,1113.4822692871094,4700,1,0.30000000000000004,2308.4030151367188,4700,1,0.30000000000000004,1548.2576141357422,4700,1,0.30000000000000004,2127.267623901367,4700,1,0.30000000000000004,1491.1942291259766,4700,1,0.30000000000000004,1404.6609954833984,4700,1,0.30000000000000004,1882.6973876953125,4700,1,0.30000000000000004,1640.208511352539,4700,1,0.30000000000000004,1677.6958465576172,4700,1,0.30000000000000004,1690.7108306884766,4700,1,0.30000000000000004,1384.8528594970703,4700,1,0.30000000000000004,2927975.90423584,0,0,0,0,0,0,0,0,0,0,0,0,0,0,0,0,0,0,0,0,0,0,0,0,0,0,0,0,0,0,0,0,0,0,0,0,0,0,0,0,0,0,0,0,0,0,0,0,66481061888,2147479552,6318206976,0
99,1697707925817,1442.7162780761719,4700,1,0.30000000000000004,1113.5006713867188,4700,1,0.30000000000000004,2308.409637451172,4700,1,0.30000000000000004,1548.2589721679688,4700,1,0.30000000000000004,2127.2689819335938,4700,1,0.30000000000000004,1491.1955871582031,4700,1,0.30000000000000004,1404.662353515625,4700,1,0.30000000000000004,1882.7000122070313,4700,1,0.30000000000000004,1640.2091827392578,4700,1,0.30000000000000004,1677.698745727539,4700,1,0.30000000000000004,1690.7116241455078,4700,1,0.30000000000000004,1384.8538208007813,4700,1,0.30000000000000004,2927978.1838531494,0,0,0,0,0,0,0,0,0,0,0,0,0,0,0,0,0,0,0,0,0,0,0,0,0,0,0,0,0,0,0,0,0,0,0,0,0,0,0,0,0,0,0,0,0,0,0,0,66481061888,2147479552,6318206976,0
99,1697707925917,1442.7171173095703,4700,1,0.30000000000000004,1113.519271850586,4700,1,0.30000000000000004,2308.4107360839844,4700,1,0.30000000000000004,1548.2598114013672,4700,1,0.30000000000000004,2127.269821166992,4700,1,0.30000000000000004,1491.196762084961,4700,1,0.30000000000000004,1404.6631927490234,4700,1,0.30000000000000004,1882.7008514404297,4700,1,0.30000000000000004,1640.2096252441406,4700,1,0.30000000000000004,1677.6991882324219,4700,1,0.30000000000000004,1690.7120666503906,4700,1,0.30000000000000004,1384.854263305664,4700,1,0.30000000000000004,2927980.238342285,0,0,0,0,0,0,0,0,0,0,0,0,0,0,0,0,0,0,0,0,0,0,0,0,0,0,0,0,0,0,0,0,0,0,0,0,0,0,0,0,0,0,0,0,0,0,0,0,66481061888,2147479552,6318206976,0
99,1697707926017,1442.7186431884766,4700,1,0.30000000000000004,1113.5437622070313,4700,1,0.29374999999999996,2308.420852661133,4700,1,0.29374999999999996,1548.2613220214844,4700,1,0.30000000000000004,2127.271286010742,4700,1,0.30000000000000004,1491.1996002197266,4700,1,0.30000000000000004,1404.6646881103516,4700,1,0.30000000000000004,1882.702896118164,4700,1,0.30000000000000004,1640.2109680175781,4700,1,0.30000000000000004,1677.700180053711,4700,1,0.29374999999999996,1690.7135009765625,4700,1,0.29374999999999996,1384.8550720214844,4700,1,0.29374999999999996,2927982.5503997803,0,0,0,0,0,0,0,0,0,0,0,0,0,0,0,0,0,0,0,0,0,0,0,0,0,0,0,0,0,0,0,0,0,0,0,0,0,0,0,0,0,0,0,0,0,0,0,0,66481061888,2147479552,6318206976,0
99,1697707926117,1442.7200469970703,4700,1,0.30000000000000004,1113.5609130859375,4700,1,0.29374999999999996,2308.4222869873047,4700,1,0.29374999999999996,1548.2649383544922,4700,1,0.30000000000000004,2127.272674560547,4700,1,0.30000000000000004,1491.2009582519531,4700,1,0.30000000000000004,1404.6676788330078,4700,1,0.29374999999999996,1882.7045288085938,4700,1,0.29374999999999996,1640.211685180664,4700,1,0.29374999999999996,1677.7008972167969,4700,1,0.29374999999999996,1690.7142639160156,4700,1,0.29374999999999996,1384.8558349609375,4700,1,0.29374999999999996,2927984.7576446533,0,0,0,0,0,0,0,0,0,0,0,0,0,0,0,0,0,0,0,0,0,0,0,0,0,0,0,0,0,0,0,0,0,0,0,0,0,0,0,0,0,0,0,0,0,0,0,0,66481061888,2147479552,6318206976,0
99,1697707926217,1442.7207794189453,4700,1,0.29374999999999996,1113.5783081054688,4700,1,0.29374999999999996,2308.423294067383,4700,1,0.29374999999999996,1548.2656555175781,4700,1,0.29374999999999996,2127.273391723633,4700,1,0.29374999999999996,1491.201675415039,4700,1,0.29374999999999996,1404.6683959960938,4700,1,0.29374999999999996,1882.7052459716797,4700,1,0.29374999999999996,1640.2120513916016,4700,1,0.29374999999999996,1677.7012939453125,4700,1,0.29374999999999996,1690.7146301269531,4700,1,0.29374999999999996,1384.856201171875,4700,1,0.29374999999999996,2927986.741333008,0,0,0,0,0,0,0,0,0,0,0,0,0,0,0,0,0,0,0,0,0,0,0,0,0,0,0,0,0,0,0,0,0,0,0,0,0,0,0,0,0,0,0,0,0,0,0,0,66481061888,2147479552,6318206976,0
99,1697707926317,1442.7222747802734,4700,1,0.30000000000000004,1113.5962524414063,4700,1,0.30000000000000004,2308.425079345703,4700,1,0.30000000000000004,1548.2671203613281,4700,1,0.30000000000000004,2127.2764739990234,4700,1,0.30000000000000004,1491.2042999267578,4700,1,0.30000000000000004,1404.6698608398438,4700,1,0.30000000000000004,1882.7115020751953,4700,1,0.30000000000000004,1640.2139739990234,4700,1,0.30000000000000004,1677.7020721435547,4700,1,0.30000000000000004,1690.7153930664063,4700,1,0.30000000000000004,1384.856948852539,4700,1,0.30000000000000004,2927989.015930176,0,0,0,0,0,0,0,0,0,0,0,0,0,0,0,0,0,0,0,0,0,0,0,0,0,0,0,0,0,0,0,0,0,0,0,0,0,0,0,0,0,0,0,0,0,0,0,0,66481061888,2147479552,6318206976,0
99,1697707926418,1442.7233276367188,4700,1,0.29374999999999996,1113.618896484375,4700,1,0.30000000000000004,2308.427520751953,4700,1,0.30000000000000004,1548.268539428711,4700,1,0.29374999999999996,2127.277557373047,4700,1,0.29374999999999996,1491.2054443359375,4700,1,0.29374999999999996,1404.6709442138672,4700,1,0.30000000000000004,1882.7125854492188,4700,1,0.30000000000000004,1640.2145233154297,4700,1,0.30000000000000004,1677.703628540039,4700,1,0.30000000000000004,1690.7159423828125,4700,1,0.30000000000000004,1384.8574981689453,4700,1,0.30000000000000004,2927991.164703369,0,0,0,0,0,0,0,0,0,0,0,0,0,0,0,0,0,0,0,0,0,0,0,0,0,0,0,0,0,0,0,0,0,0,0,0,0,0,0,0,0,0,0,0,0,0,0,0,66481061888,2147479552,6318206976,0
99,1697707926518,1442.724136352539,4700,1,0.29374999999999996,1113.6361541748047,4700,1,0.30000000000000004,2308.4288330078125,4700,1,0.30000000000000004,1548.2693328857422,4700,1,0.29374999999999996,2127.278350830078,4700,1,0.29374999999999996,1491.2062377929688,4700,1,0.29374999999999996,1404.6717376708984,4700,1,0.29374999999999996,1882.713851928711,4700,1,0.30000000000000004,1640.2149505615234,4700,1,0.30000000000000004,1677.7041015625,4700,1,0.30000000000000004,1690.7163696289063,4700,1,0.30000000000000004,1384.85791015625,4700,1,0.30000000000000004,2927993.188934326,0,0,0,0,0,0,0,0,0,0,0,0,0,0,0,0,0,0,0,0,0,0,0,0,0,0,0,0,0,0,0,0,0,0,0,0,0,0,0,0,0,0,0,0,0,0,0,0,66481061888,2147479552,6318206976,0
99,1697707926618,1442.7259216308594,4700,1,0.29374999999999996,1113.656265258789,4700,1,0.30000000000000004,2308.4395141601563,4700,1,0.30000000000000004,1548.2710876464844,4700,1,0.29374999999999996,2127.2801055908203,4700,1,0.29374999999999996,1491.2090148925781,4700,1,0.29374999999999996,1404.6734924316406,4700,1,0.29374999999999996,1882.7159423828125,4700,1,0.30000000000000004,1640.2181854248047,4700,1,0.30000000000000004,1677.7050323486328,4700,1,0.30000000000000004,1690.7187194824219,4700,1,0.30000000000000004,1384.8588256835938,4700,1,0.30000000000000004,2927995.6493530273,0,0,0,0,0,0,0,0,0,0,0,0,0,0,0,0,0,0,0,0,0,0,0,0,0,0,0,0,0,0,0,0,0,0,0,0,0,0,0,0,0,0,0,0,0,0,0,0,66481061888,2147479552,6318206976,0
99,1697707926718,1442.7417449951172,4700,1,0.30000000000000004,1113.6940155029297,4700,1,0.30000000000000004,2308.454345703125,4700,1,0.30000000000000004,1548.2911376953125,4700,1,0.30000000000000004,2127.292205810547,4700,1,0.30000000000000004,1491.2266540527344,4700,1,0.30000000000000004,1404.6785125732422,4700,1,0.30000000000000004,1882.735366821289,4700,1,0.30000000000000004,1640.2319641113281,4700,1,0.30000000000000004,1677.7181396484375,4700,1,0.30000000000000004,1690.730941772461,4700,1,0.30000000000000004,1384.867691040039,4700,1,0.30000000000000004,2927998.248565674,0,0,0,0,0,0,0,0,0,0,0,0,0,0,0,0,0,0,0,0,0,0,0,0,0,0,0,0,0,0,0,0,0,0,0,0,0,0,0,0,0,0,0,0,0,0,0,0,66481061888,2147479552,6318206976,0
99,1697707926818,1442.742935180664,4700,1,0.30000000000000004,1113.7158203125,4700,1,0.30000000000000004,2308.4573974609375,4700,1,0.30000000000000004,1548.2923889160156,4700,1,0.30000000000000004,2127.2936401367188,4700,1,0.30000000000000004,1491.2281494140625,4700,1,0.30000000000000004,1404.6796417236328,4700,1,0.30000000000000004,1882.7382202148438,4700,1,0.30000000000000004,1640.2328186035156,4700,1,0.30000000000000004,1677.7190399169922,4700,1,0.30000000000000004,1690.7320251464844,4700,1,0.30000000000000004,1384.8684387207031,4700,1,0.30000000000000004,2928000.379562378,0,0,0,0,0,0,0,0,0,0,0,0,0,0,0,0,0,0,0,0,0,0,0,0,0,0,0,0,0,0,0,0,0,0,0,0,0,0,0,0,0,0,0,0,0,0,0,0,66481061888,2147479552,6318206976,0
99,1697707926919,1442.7440948486328,4700,1,0.30000000000000004,1113.738784790039,4700,1,0.29374999999999996,2308.458953857422,4700,1,0.29374999999999996,1548.2935333251953,4700,1,0.30000000000000004,2127.2947692871094,4700,1,0.30000000000000004,1491.2316589355469,4700,1,0.30000000000000004,1404.6807708740234,4700,1,0.29374999999999996,1882.7393951416016,4700,1,0.29374999999999996,1640.2334289550781,4700,1,0.29374999999999996,1677.7195892333984,4700,1,0.29374999999999996,1690.7326354980469,4700,1,0.29374999999999996,1384.8689880371094,4700,1,0.29374999999999996,2928002.5556030273,0,0,0,0,0,0,0,0,0,0,0,0,0,0,0,0,0,0,0,0,0,0,0,0,0,0,0,0,0,0,0,0,0,0,0,0,0,0,0,0,0,0,0,0,0,0,0,0,66481061888,2147479552,6318206976,0
99,1697707927019,1442.7454376220703,4700,1,0.29374999999999996,1113.7581024169922,4700,1,0.29374999999999996,2308.461410522461,4700,1,0.29374999999999996,1548.2948760986328,4700,1,0.29374999999999996,2127.2960510253906,4700,1,0.29374999999999996,1491.2332458496094,4700,1,0.29374999999999996,1404.6820526123047,4700,1,0.29374999999999996,1882.7412414550781,4700,1,0.29374999999999996,1640.2340850830078,4700,1,0.29374999999999996,1677.7220153808594,4700,1,0.29374999999999996,1690.735092163086,4700,1,0.29374999999999996,1384.8723449707031,4700,1,0.29374999999999996,2928004.7427368164,0,0,0,0,0,0,0,0,0,0,0,0,0,0,0,0,0,0,0,0,0,0,0,0,0,0,0,0,0,0,0,0,0,0,0,0,0,0,0,0,0,0,0,0,0,0,0,0,66481061888,2147479552,6318206976,0
99,1697707927119,1442.7466735839844,4700,1,0.30000000000000004,1113.776870727539,4700,1,0.30000000000000004,2308.463638305664,4700,1,0.30000000000000004,1548.2960968017578,4700,1,0.30000000000000004,2127.2972717285156,4700,1,0.30000000000000004,1491.2344665527344,4700,1,0.30000000000000004,1404.684799194336,4700,1,0.30000000000000004,1882.7427062988281,4700,1,0.30000000000000004,1640.2347564697266,4700,1,0.30000000000000004,1677.7226867675781,4700,1,0.30000000000000004,1690.7357635498047,4700,1,0.30000000000000004,1384.8730163574219,4700,1,0.30000000000000004,2928006.9020843506,0,0,0,0,0,0,0,0,0,0,0,0,0,0,0,0,0,0,0,0,0,0,0,0,0,0,0,0,0,0,0,0,0,0,0,0,0,0,0,0,0,0,0,0,0,0,0,0,66481061888,2147479552,6318206976,0
99,1697707927219,1442.7483367919922,4700,1,0.29374999999999996,1113.8018341064453,4700,1,0.30000000000000004,2308.474334716797,4700,1,0.30000000000000004,1548.2976684570313,4700,1,0.29374999999999996,2127.298843383789,4700,1,0.29374999999999996,1491.2374725341797,4700,1,0.29374999999999996,1404.6863708496094,4700,1,0.29374999999999996,1882.7442779541016,4700,1,0.30000000000000004,1640.2371368408203,4700,1,0.30000000000000004,1677.7235260009766,4700,1,0.30000000000000004,1690.7376556396484,4700,1,0.30000000000000004,1384.8739471435547,4700,1,0.30000000000000004,2928009.277496338,0,0,0,0,0,0,0,0,0,0,0,0,0,0,0,0,0,0,0,0,0,0,0,0,0,0,0,0,0,0,0,0,0,0,0,0,0,0,0,0,0,0,0,0,0,0,0,0,66481061888,2147479552,6318206976,0
99,1697707927319,1442.7496948242188,4700,1,0.30000000000000004,1113.8204193115234,4700,1,0.29374999999999996,2308.476364135742,4700,1,0.29374999999999996,1548.300796508789,4700,1,0.30000000000000004,2127.3012084960938,4700,1,0.30000000000000004,1491.2390747070313,4700,1,0.30000000000000004,1404.6876373291016,4700,1,0.30000000000000004,1882.7457580566406,4700,1,0.30000000000000004,1640.2378387451172,4700,1,0.30000000000000004,1677.7242431640625,4700,1,0.30000000000000004,1690.7383728027344,4700,1,0.29374999999999996,1384.874755859375,4700,1,0.29374999999999996,2928011.48777771,0,0,0,0,0,0,0,0,0,0,0,0,0,0,0,0,0,0,0,0,0,0,0,0,0,0,0,0,0,0,0,0,0,0,0,0,0,0,0,0,0,0,0,0,0,0,0,0,66481061888,2147479552,6318206976,0
99,1697707927420,1442.7508697509766,4700,1,0.30000000000000004,1113.8491668701172,4700,1,0.29374999999999996,2308.501754760742,4700,1,0.29374999999999996,1548.3024291992188,4700,1,0.30000000000000004,2127.3023376464844,4700,1,0.30000000000000004,1491.2406158447266,4700,1,0.30000000000000004,1404.688735961914,4700,1,0.30000000000000004,1882.7468566894531,4700,1,0.29374999999999996,1640.2383728027344,4700,1,0.29374999999999996,1677.7247772216797,4700,1,0.29374999999999996,1690.7389068603516,4700,1,0.29374999999999996,1384.8752899169922,4700,1,0.29374999999999996,2928013.650238037,0,0,0,0,0,0,0,0,0,0,0,0,0,0,0,0,0,0,0,0,0,0,0,0,0,0,0,0,0,0,0,0,0,0,0,0,0,0,0,0,0,0,0,0,0,0,0,0,66481061888,2147479552,6318206976,0
99,1697707927520,1442.7529754638672,4700,1,0.30000000000000004,1113.875015258789,4700,1,0.29374999999999996,2308.509811401367,4700,1,0.29374999999999996,1548.306396484375,4700,1,0.30000000000000004,2127.3042755126953,4700,1,0.30000000000000004,1491.2427978515625,4700,1,0.30000000000000004,1404.6905975341797,4700,1,0.30000000000000004,1882.749282836914,4700,1,0.29374999999999996,1640.2411193847656,4700,1,0.29374999999999996,1677.7273559570313,4700,1,0.29374999999999996,1690.741470336914,4700,1,0.29374999999999996,1384.8762512207031,4700,1,0.29374999999999996,2928016.074432373,0,0,0,0,0,0,0,0,0,0,0,0,0,0,0,0,0,0,0,0,0,0,0,0,0,0,0,0,0,0,0,0,0,0,0,0,0,0,0,0,0,0,0,0,0,0,0,0,66481061888,2147479552,6318272512,0
99,1697707927620,1442.7537841796875,4700,1,0.30000000000000004,1113.8968505859375,4700,1,0.30000000000000004,2308.5265045166016,4700,1,0.30000000000000004,1548.3071594238281,4700,1,0.30000000000000004,2127.3050384521484,4700,1,0.30000000000000004,1491.2435607910156,4700,1,0.30000000000000004,1404.6913604736328,4700,1,0.30000000000000004,1882.7501373291016,4700,1,0.30000000000000004,1640.2415466308594,4700,1,0.30000000000000004,1677.727783203125,4700,1,0.30000000000000004,1690.7418975830078,4700,1,0.30000000000000004,1384.8766784667969,4700,1,0.30000000000000004,2928018.043701172,0,0,0,0,0,0,0,0,0,0,0,0,0,0,0,0,0,0,0,0,0,0,0,0,0,0,0,0,0,0,0,0,0,0,0,0,0,0,0,0,0,0,0,0,0,0,0,0,66481061888,2147479552,6318272512,0
99,1697707927720,1442.7550811767578,4700,1,0.30000000000000004,1113.9148712158203,4700,1,0.30000000000000004,2308.5282440185547,4700,1,0.30000000000000004,1548.3111419677734,4700,1,0.30000000000000004,2127.3062438964844,4700,1,0.30000000000000004,1491.2447814941406,4700,1,0.30000000000000004,1404.6925659179688,4700,1,0.30000000000000004,1882.7513580322266,4700,1,0.30000000000000004,1640.2423248291016,4700,1,0.30000000000000004,1677.7282409667969,4700,1,0.30000000000000004,1690.7423553466797,4700,1,0.30000000000000004,1384.8772277832031,4700,1,0.30000000000000004,2928020.0652160645,0,0,0,0,0,0,0,0,0,0,0,0,0,0,0,0,0,0,0,0,0,0,0,0,0,0,0,0,0,0,0,0,0,0,0,0,0,0,0,0,0,0,0,0,0,0,0,0,66481061888,2147479552,6318272512,0
99,1697707927820,1442.7606506347656,4700,1,0.29374999999999996,1113.9407348632813,4700,1,0.30000000000000004,2308.5393981933594,4700,1,0.30000000000000004,1548.313461303711,4700,1,0.29374999999999996,2127.3081665039063,4700,1,0.29374999999999996,1491.247055053711,4700,1,0.29374999999999996,1404.6945037841797,4700,1,0.29374999999999996,1882.7534790039063,4700,1,0.30000000000000004,1640.244384765625,4700,1,0.30000000000000004,1677.730697631836,4700,1,0.30000000000000004,1690.744384765625,4700,1,0.30000000000000004,1384.8785095214844,4700,1,0.30000000000000004,2928022.555038452,0,0,0,0,0,0,0,0,0,0,0,0,0,0,0,0,0,0,0,0,0,0,0,0,0,0,0,0,0,0,0,0,0,0,0,0,0,0,0,0,0,0,0,0,0,0,0,0,66481061888,2147479552,6318272512,0
99,1697707927920,1442.7615814208984,4700,1,0.30000000000000004,1113.9605712890625,4700,1,0.30000000000000004,2308.5493774414063,4700,1,0.30000000000000004,1548.3143157958984,4700,1,0.30000000000000004,2127.3090209960938,4700,1,0.30000000000000004,1491.2479095458984,4700,1,0.30000000000000004,1404.6953887939453,4700,1,0.30000000000000004,1882.7593383789063,4700,1,0.30000000000000004,1640.244857788086,4700,1,0.30000000000000004,1677.7316436767578,4700,1,0.30000000000000004,1690.744857788086,4700,1,0.30000000000000004,1384.8789672851563,4700,1,0.30000000000000004,2928024.656539917,0,0,0,0,0,0,0,0,0,0,0,0,0,0,0,0,0,0,0,0,0,0,0,0,0,0,0,0,0,0,0,0,0,0,0,0,0,0,0,0,0,0,0,0,0,0,0,0,66481061888,2147479552,6318272512,0
99,1697707928021,1442.7626037597656,4700,1,0.30000000000000004,1113.982437133789,4700,1,0.30000000000000004,2308.5594940185547,4700,1,0.30000000000000004,1548.3157806396484,4700,1,0.30000000000000004,2127.3099670410156,4700,1,0.30000000000000004,1491.2510223388672,4700,1,0.30000000000000004,1404.6963348388672,4700,1,0.30000000000000004,1882.7611846923828,4700,1,0.30000000000000004,1640.245346069336,4700,1,0.30000000000000004,1677.7326049804688,4700,1,0.30000000000000004,1690.745346069336,4700,1,0.30000000000000004,1384.8795776367188,4700,1,0.30000000000000004,2928026.74949646,0,0,0,0,0,0,0,0,0,0,0,0,0,0,0,0,0,0,0,0,0,0,0,0,0,0,0,0,0,0,0,0,0,0,0,0,0,0,0,0,0,0,0,0,0,0,0,0,66481061888,2147479552,6318272512,0
99,1697707928121,1442.763931274414,4700,1,0.29374999999999996,1113.999984741211,4700,1,0.30000000000000004,2308.5697174072266,4700,1,0.30000000000000004,1548.319580078125,4700,1,0.29374999999999996,2127.3111877441406,4700,1,0.29374999999999996,1491.2523498535156,4700,1,0.29374999999999996,1404.6988830566406,4700,1,0.29374999999999996,1882.7627258300781,4700,1,0.29374999999999996,1640.247329711914,4700,1,0.30000000000000004,1677.7333679199219,4700,1,0.30000000000000004,1690.7459411621094,4700,1,0.30000000000000004,1384.8801727294922,4700,1,0.30000000000000004,2928028.9163513184,0,0,0,0,0,0,0,0,0,0,0,0,0,0,0,0,0,0,0,0,0,0,0,0,0,0,0,0,0,0,0,0,0,0,0,0,0,0,0,0,0,0,0,0,0,0,0,0,66481061888,2147479552,6318272512,0
99,1697707928221,1442.7646789550781,4700,1,0.30000000000000004,1114.0174713134766,4700,1,0.29374999999999996,2308.5831909179688,4700,1,0.29374999999999996,1548.3202819824219,4700,1,0.30000000000000004,2127.3118896484375,4700,1,0.30000000000000004,1491.2530517578125,4700,1,0.30000000000000004,1404.6995849609375,4700,1,0.30000000000000004,1882.763427734375,4700,1,0.30000000000000004,1640.2477111816406,4700,1,0.29374999999999996,1677.7337951660156,4700,1,0.29374999999999996,1690.746322631836,4700,1,0.29374999999999996,1384.8805541992188,4700,1,0.29374999999999996,2928030.890258789,0,0,0,0,0,0,0,0,0,0,0,0,0,0,0,0,0,0,0,0,0,0,0,0,0,0,0,0,0,0,0,0,0,0,0,0,0,0,0,0,0,0,0,0,0,0,0,0,66481061888,2147479552,6318272512,0
99,1697707928321,1442.7657470703125,4700,1,0.30000000000000004,1114.03466796875,4700,1,0.30000000000000004,2308.5848999023438,4700,1,0.30000000000000004,1548.3212890625,4700,1,0.30000000000000004,2127.3134765625,4700,1,0.30000000000000004,1491.2540588378906,4700,1,0.30000000000000004,1404.7005920410156,4700,1,0.30000000000000004,1882.7645263671875,4700,1,0.30000000000000004,1640.2482452392578,4700,1,0.30000000000000004,1677.7344055175781,4700,1,0.30000000000000004,1690.7468566894531,4700,1,0.30000000000000004,1384.881088256836,4700,1,0.30000000000000004,2928032.95022583,0,0,0,0,0,0,0,0,0,0,0,0,0,0,0,0,0,0,0,0,0,0,0,0,0,0,0,0,0,0,0,0,0,0,0,0,0,0,0,0,0,0,0,0,0,0,0,0,66481061888,2147479552,6318272512,0
99,1697707928422,1442.7677459716797,4700,1,0.30000000000000004,1114.060791015625,4700,1,0.30000000000000004,2308.594284057617,4700,1,0.30000000000000004,1548.323471069336,4700,1,0.30000000000000004,2127.3153076171875,4700,1,0.30000000000000004,1491.2564697265625,4700,1,0.30000000000000004,1404.7024230957031,4700,1,0.30000000000000004,1882.7663879394531,4700,1,0.30000000000000004,1640.2647705078125,4700,1,0.30000000000000004,1677.7383422851563,4700,1,0.30000000000000004,1690.7493896484375,4700,1,0.30000000000000004,1384.8819427490234,4700,1,0.30000000000000004,2928035.436935425,0,0,0,0,0,0,0,0,0,0,0,0,0,0,0,0,0,0,0,0,0,0,0,0,0,0,0,0,0,0,0,0,0,0,0,0,0,0,0,0,0,0,0,0,0,0,0,0,66481061888,2147479552,6318272512,0
99,1697707928522,1442.7686004638672,4700,1,0.29374999999999996,1114.083251953125,4700,1,0.29374999999999996,2308.6043395996094,4700,1,0.29374999999999996,1548.3242950439453,4700,1,0.29374999999999996,2127.316131591797,4700,1,0.29374999999999996,1491.2572937011719,4700,1,0.29374999999999996,1404.7032470703125,4700,1,0.29374999999999996,1882.7676086425781,4700,1,0.29374999999999996,1640.2651824951172,4700,1,0.29374999999999996,1677.7388305664063,4700,1,0.29374999999999996,1690.7498168945313,4700,1,0.29374999999999996,1384.8823547363281,4700,1,0.29374999999999996,2928037.4395446777,0,0,0,0,0,0,0,0,0,0,0,0,0,0,0,0,0,0,0,0,0,0,0,0,0,0,0,0,0,0,0,0,0,0,0,0,0,0,0,0,0,0,0,0,0,0,0,0,66481061888,2147479552,6318272512,0
99,1697707928622,1442.7696685791016,4700,1,0.30000000000000004,1114.100082397461,4700,1,0.29374999999999996,2308.6057891845703,4700,1,0.29374999999999996,1548.3277435302734,4700,1,0.30000000000000004,2127.319534301758,4700,1,0.30000000000000004,1491.25830078125,4700,1,0.30000000000000004,1404.7042541503906,4700,1,0.30000000000000004,1882.7687072753906,4700,1,0.30000000000000004,1640.2657012939453,4700,1,0.29374999999999996,1677.7394256591797,4700,1,0.29374999999999996,1690.7539978027344,4700,1,0.29374999999999996,1384.8828735351563,4700,1,0.29374999999999996,2928039.56829834,0,0,0,0,0,0,0,0,0,0,0,0,0,0,0,0,0,0,0,0,0,0,0,0,0,0,0,0,0,0,0,0,0,0,0,0,0,0,0,0,0,0,0,0,0,0,0,0,66481061888,2147479552,6318272512,0
99,1697707928722,1442.7710723876953,4700,1,0.30000000000000004,1114.1186828613281,4700,1,0.30000000000000004,2308.6078491210938,4700,1,0.30000000000000004,1548.3290405273438,4700,1,0.30000000000000004,2127.32080078125,4700,1,0.30000000000000004,1491.2606353759766,4700,1,0.30000000000000004,1404.707748413086,4700,1,0.30000000000000004,1882.770004272461,4700,1,0.30000000000000004,1640.267349243164,4700,1,0.30000000000000004,1677.7402801513672,4700,1,0.30000000000000004,1690.7546691894531,4700,1,0.30000000000000004,1384.883529663086,4700,1,0.30000000000000004,2928041.7953796387,0,0,0,0,0,0,0,0,0,0,0,0,0,0,0,0,0,0,0,0,0,0,0,0,0,0,0,0,0,0,0,0,0,0,0,0,0,0,0,0,0,0,0,0,0,0,0,0,66481061888,2147479552,6318272512,0
99,1697707928822,1442.7724151611328,4700,1,0.29374999999999996,1114.1373138427734,4700,1,0.29374999999999996,2308.609420776367,4700,1,0.29374999999999996,1548.332504272461,4700,1,0.29374999999999996,2127.3220977783203,4700,1,0.29374999999999996,1491.2619018554688,4700,1,0.29374999999999996,1404.7090148925781,4700,1,0.29374999999999996,1882.7716979980469,4700,1,0.29374999999999996,1640.2680206298828,4700,1,0.29374999999999996,1677.7411041259766,4700,1,0.29374999999999996,1690.7554321289063,4700,1,0.29374999999999996,1384.8842010498047,4700,1,0.29374999999999996,2928043.9658203125,0,0,0,0,0,0,0,0,0,0,0,0,0,0,0,0,0,0,0,0,0,0,0,0,0,0,0,0,0,0,0,0,0,0,0,0,0,0,0,0,0,0,0,0,0,0,0,0,66481061888,2147479552,6318272512,0
99,1697707928922,1442.7733612060547,4700,1,0.30000000000000004,1114.1599731445313,4700,1,0.30000000000000004,2308.611038208008,4700,1,0.30000000000000004,1548.3334197998047,4700,1,0.30000000000000004,2127.323013305664,4700,1,0.30000000000000004,1491.2628173828125,4700,1,0.30000000000000004,1404.7099304199219,4700,1,0.30000000000000004,1882.7726135253906,4700,1,0.30000000000000004,1640.2684631347656,4700,1,0.30000000000000004,1677.7418823242188,4700,1,0.30000000000000004,1690.755874633789,4700,1,0.30000000000000004,1384.8846435546875,4700,1,0.30000000000000004,2928046.043609619,0,0,0,0,0,0,0,0,0,0,0,0,0,0,0,0,0,0,0,0,0,0,0,0,0,0,0,0,0,0,0,0,0,0,0,0,0,0,0,0,0,0,0,0,0,0,0,0,66481061888,2147479552,6318272512,0
99,1697707929023,1442.775146484375,4700,1,0.30000000000000004,1114.1840515136719,4700,1,0.30000000000000004,2308.6206970214844,4700,1,0.30000000000000004,1548.335189819336,4700,1,0.30000000000000004,2127.3246307373047,4700,1,0.30000000000000004,1491.2655029296875,4700,1,0.30000000000000004,1404.7115478515625,4700,1,0.30000000000000004,1882.7746887207031,4700,1,0.30000000000000004,1640.2718963623047,4700,1,0.30000000000000004,1677.746810913086,4700,1,0.30000000000000004,1690.7585144042969,4700,1,0.30000000000000004,1384.8854675292969,4700,1,0.30000000000000004,2928048.4757843018,0,0,0,0,0,0,0,0,0,0,0,0,0,0,0,0,0,0,0,0,0,0,0,0,0,0,0,0,0,0,0,0,0,0,0,0,0,0,0,0,0,0,0,0,0,0,0,0,66481061888,2147479552,6318272512,0
99,1697707929123,1442.7763671875,4700,1,0.29374999999999996,1114.202163696289,4700,1,0.30000000000000004,2308.6307830810547,4700,1,0.30000000000000004,1548.3363647460938,4700,1,0.29374999999999996,2127.3258514404297,4700,1,0.29374999999999996,1491.2667388916016,4700,1,0.29374999999999996,1404.7142181396484,4700,1,0.29374999999999996,1882.7759399414063,4700,1,0.29374999999999996,1640.2725067138672,4700,1,0.30000000000000004,1677.747817993164,4700,1,0.30000000000000004,1690.7591247558594,4700,1,0.30000000000000004,1384.8860778808594,4700,1,0.30000000000000004,2928050.6667633057,0,0,0,0,0,0,0,0,0,0,0,0,0,0,0,0,0,0,0,0,0,0,0,0,0,0,0,0,0,0,0,0,0,0,0,0,0,0,0,0,0,0,0,0,0,0,0,0,66481061888,2147479552,6318272512,0
99,1697707929223,1442.7774047851563,4700,1,0.30000000000000004,1114.2206420898438,4700,1,0.30000000000000004,2308.632354736328,4700,1,0.30000000000000004,1548.3373260498047,4700,1,0.30000000000000004,2127.3267822265625,4700,1,0.30000000000000004,1491.2677001953125,4700,1,0.30000000000000004,1404.7151794433594,4700,1,0.30000000000000004,1882.7769012451172,4700,1,0.30000000000000004,1640.2729949951172,4700,1,0.30000000000000004,1677.7484436035156,4700,1,0.30000000000000004,1690.7596130371094,4700,1,0.30000000000000004,1384.8865661621094,4700,1,0.30000000000000004,2928052.7317352295,0,0,0,0,0,0,0,0,0,0,0,0,0,0,0,0,0,0,0,0,0,0,0,0,0,0,0,0,0,0,0,0,0,0,0,0,0,0,0,0,0,0,0,0,0,0,0,0,66481061888,2147479552,6318272512,0
99,1697707929323,1442.7788543701172,4700,1,0.30000000000000004,1114.2388458251953,4700,1,0.29374999999999996,2308.6339416503906,4700,1,0.29374999999999996,1548.338623046875,4700,1,0.30000000000000004,2127.3303833007813,4700,1,0.30000000000000004,1491.2741088867188,4700,1,0.30000000000000004,1404.7164764404297,4700,1,0.30000000000000004,1882.7786560058594,4700,1,0.30000000000000004,1640.2740936279297,4700,1,0.29374999999999996,1677.7493438720703,4700,1,0.29374999999999996,1690.7603149414063,4700,1,0.29374999999999996,1384.8872680664063,4700,1,0.29374999999999996,2928054.937072754,0,0,0,0,0,0,0,0,0,0,0,0,0,0,0,0,0,0,0,0,0,0,0,0,0,0,0,0,0,0,0,0,0,0,0,0,0,0,0,0,0,0,0,0,0,0,0,0,66481061888,2147479552,6318272512,0
99,1697707929423,1442.7798614501953,4700,1,0.30000000000000004,1114.2577362060547,4700,1,0.30000000000000004,2308.6390533447266,4700,1,0.30000000000000004,1548.3421936035156,4700,1,0.30000000000000004,2127.331588745117,4700,1,0.30000000000000004,1491.2750549316406,4700,1,0.30000000000000004,1404.7173614501953,4700,1,0.30000000000000004,1882.779556274414,4700,1,0.30000000000000004,1640.2745361328125,4700,1,0.30000000000000004,1677.7499237060547,4700,1,0.30000000000000004,1690.760757446289,4700,1,0.30000000000000004,1384.887710571289,4700,1,0.30000000000000004,2928056.9990386963,0,0,0,0,0,0,0,0,0,0,0,0,0,0,0,0,0,0,0,0,0,0,0,0,0,0,0,0,0,0,0,0,0,0,0,0,0,0,0,0,0,0,0,0,0,0,0,0,66481061888,2147479552,6318272512,0
99,1697707929524,1442.7814331054688,4700,1,0.30000000000000004,1114.2837371826172,4700,1,0.30000000000000004,2308.641159057617,4700,1,0.30000000000000004,1548.3437042236328,4700,1,0.30000000000000004,2127.3330841064453,4700,1,0.30000000000000004,1491.2765502929688,4700,1,0.30000000000000004,1404.7188568115234,4700,1,0.30000000000000004,1882.787612915039,4700,1,0.30000000000000004,1640.2752685546875,4700,1,0.30000000000000004,1677.7520446777344,4700,1,0.30000000000000004,1690.761489868164,4700,1,0.30000000000000004,1384.8900604248047,4700,1,0.30000000000000004,2928059.3361206055,0,0,0,0,0,0,0,0,0,0,0,0,0,0,0,0,0,0,0,0,0,0,0,0,0,0,0,0,0,0,0,0,0,0,0,0,0,0,0,0,0,0,0,0,0,0,0,0,66481061888,2147479552,6318272512,0
99,1697707929624,1442.783187866211,4700,1,0.30000000000000004,1114.3023071289063,4700,1,0.30000000000000004,2308.663848876953,4700,1,0.30000000000000004,1548.3453216552734,4700,1,0.30000000000000004,2127.334701538086,4700,1,0.30000000000000004,1491.278823852539,4700,1,0.30000000000000004,1404.7228546142578,4700,1,0.30000000000000004,1882.7892303466797,4700,1,0.30000000000000004,1640.2774505615234,4700,1,0.30000000000000004,1677.7533874511719,4700,1,0.30000000000000004,1690.762924194336,4700,1,0.30000000000000004,1384.8909454345703,4700,1,0.30000000000000004,2928061.7257232666,0,0,0,0,0,0,0,0,0,0,0,0,0,0,0,0,0,0,0,0,0,0,0,0,0,0,0,0,0,0,0,0,0,0,0,0,0,0,0,0,0,0,0,0,0,0,0,0,66481061888,2147479552,6318272512,0
99,1697707929724,1442.7840881347656,4700,1,0.29374999999999996,1114.3200988769531,4700,1,0.30000000000000004,2308.678268432617,4700,1,0.30000000000000004,1548.3461608886719,4700,1,0.29374999999999996,2127.3355407714844,4700,1,0.29374999999999996,1491.2796630859375,4700,1,0.29374999999999996,1404.7236938476563,4700,1,0.29374999999999996,1882.7900695800781,4700,1,0.29374999999999996,1640.2778930664063,4700,1,0.29374999999999996,1677.753921508789,4700,1,0.30000000000000004,1690.7633666992188,4700,1,0.30000000000000004,1384.8913879394531,4700,1,0.30000000000000004,2928063.7819519043,0,0,0,0,0,0,0,0,0,0,0,0,0,0,0,0,0,0,0,0,0,0,0,0,0,0,0,0,0,0,0,0,0,0,0,0,0,0,0,0,0,0,0,0,0,0,0,0,66481061888,2147479552,6318272512,0
99,1697707929824,1442.7853240966797,4700,1,0.29374999999999996,1114.3376770019531,4700,1,0.30000000000000004,2308.6797637939453,4700,1,0.30000000000000004,1548.3494415283203,4700,1,0.29374999999999996,2127.336639404297,4700,1,0.29374999999999996,1491.28076171875,4700,1,0.29374999999999996,1404.7247924804688,4700,1,0.29374999999999996,1882.791488647461,4700,1,0.29374999999999996,1640.2784729003906,4700,1,0.29374999999999996,1677.7546844482422,4700,1,0.30000000000000004,1690.7639770507813,4700,1,0.30000000000000004,1384.8920135498047,4700,1,0.30000000000000004,2928065.9100646973,0,0,0,0,0,0,0,0,0,0,0,0,0,0,0,0,0,0,0,0,0,0,0,0,0,0,0,0,0,0,0,0,0,0,0,0,0,0,0,0,0,0,0,0,0,0,0,0,66481061888,2147479552,6318272512,0
99,1697707929924,1442.7863311767578,4700,1,0.30000000000000004,1114.3550872802734,4700,1,0.30000000000000004,2308.6896362304688,4700,1,0.30000000000000004,1548.350326538086,4700,1,0.30000000000000004,2127.3374938964844,4700,1,0.30000000000000004,1491.282730102539,4700,1,0.30000000000000004,1404.7256469726563,4700,1,0.30000000000000004,1882.7923431396484,4700,1,0.30000000000000004,1640.2805938720703,4700,1,0.30000000000000004,1677.7551879882813,4700,1,0.30000000000000004,1690.7644348144531,4700,1,0.30000000000000004,1384.8924713134766,4700,1,0.30000000000000004,2928067.957260132,0,0,0,0,0,0,0,0,0,0,0,0,0,0,0,0,0,0,0,0,0,0,0,0,0,0,0,0,0,0,0,0,0,0,0,0,0,0,0,0,0,0,0,0,0,0,0,0,66481061888,2147479552,6318272512,0
99,1697707930025,1442.7873840332031,4700,1,0.30000000000000004,1114.3796691894531,4700,1,0.29374999999999996,2308.691207885742,4700,1,0.29374999999999996,1548.3514862060547,4700,1,0.30000000000000004,2127.3384857177734,4700,1,0.30000000000000004,1491.28369140625,4700,1,0.30000000000000004,1404.7266387939453,4700,1,0.30000000000000004,1882.7950744628906,4700,1,0.30000000000000004,1640.2810974121094,4700,1,0.30000000000000004,1677.7597961425781,4700,1,0.30000000000000004,1690.7649383544922,4700,1,0.29374999999999996,1384.8932495117188,4700,1,0.29374999999999996,2928070.0759735107,0,0,0,0,0,0,0,0,0,0,0,0,0,0,0,0,0,0,0,0,0,0,0,0,0,0,0,0,0,0,0,0,0,0,0,0,0,0,0,0,0,0,0,0,0,0,0,0,66481061888,2147479552,6318272512,0
99,1697707930125,1442.7883911132813,4700,1,0.29374999999999996,1114.3971252441406,4700,1,0.30000000000000004,2308.693084716797,4700,1,0.30000000000000004,1548.3547973632813,4700,1,0.29374999999999996,2127.3394622802734,4700,1,0.29374999999999996,1491.28466796875,4700,1,0.29374999999999996,1404.7277069091797,4700,1,0.29374999999999996,1882.7962646484375,4700,1,0.29374999999999996,1640.2816009521484,4700,1,0.29374999999999996,1677.7603454589844,4700,1,0.29374999999999996,1690.7654418945313,4700,1,0.30000000000000004,1384.8937530517578,4700,1,0.30000000000000004,2928072.1496429443,0,0,0,0,0,0,0,0,0,0,0,0,0,0,0,0,0,0,0,0,0,0,0,0,0,0,0,0,0,0,0,0,0,0,0,0,0,0,0,0,0,0,0,0,0,0,0,0,66481061888,2147479552,6318272512,0
99,1697707930225,1442.7900695800781,4700,1,0.29374999999999996,1114.4148254394531,4700,1,0.30000000000000004,2308.706344604492,4700,1,0.30000000000000004,1548.3565826416016,4700,1,0.29374999999999996,2127.341049194336,4700,1,0.29374999999999996,1491.2873840332031,4700,1,0.29374999999999996,1404.7292938232422,4700,1,0.29374999999999996,1882.7978515625,4700,1,0.29374999999999996,1640.2830657958984,4700,1,0.29374999999999996,1677.7615051269531,4700,1,0.29374999999999996,1690.7669067382813,4700,1,0.30000000000000004,1384.8945617675781,4700,1,0.30000000000000004,2928074.4269104004,0,0,0,0,0,0,0,0,0,0,0,0,0,0,0,0,0,0,0,0,0,0,0,0,0,0,0,0,0,0,0,0,0,0,0,0,0,0,0,0,0,0,0,0,0,0,0,0,66481061888,2147479552,6318272512,0
99,1697707930325,1442.7912292480469,4700,1,0.29374999999999996,1114.4318542480469,4700,1,0.30000000000000004,2308.7078704833984,4700,1,0.30000000000000004,1548.3577270507813,4700,1,0.29374999999999996,2127.343963623047,4700,1,0.29374999999999996,1491.2885131835938,4700,1,0.29374999999999996,1404.7304229736328,4700,1,0.29374999999999996,1882.7996520996094,4700,1,0.29374999999999996,1640.283676147461,4700,1,0.29374999999999996,1677.7622528076172,4700,1,0.29374999999999996,1690.7675170898438,4700,1,0.30000000000000004,1384.8951721191406,4700,1,0.30000000000000004,2928076.577407837,0,0,0,0,0,0,0,0,0,0,0,0,0,0,0,0,0,0,0,0,0,0,0,0,0,0,0,0,0,0,0,0,0,0,0,0,0,0,0,0,0,0,0,0,0,0,0,0,66481061888,2147479552,6318272512,0
99,1697707930425,1442.792724609375,4700,1,0.30000000000000004,1114.4492797851563,4700,1,0.30000000000000004,2308.7401123046875,4700,1,0.30000000000000004,1548.3593139648438,4700,1,0.30000000000000004,2127.345260620117,4700,1,0.30000000000000004,1491.2913208007813,4700,1,0.30000000000000004,1404.731948852539,4700,1,0.30000000000000004,1882.8027038574219,4700,1,0.30000000000000004,1640.2859191894531,4700,1,0.30000000000000004,1677.7701568603516,4700,1,0.30000000000000004,1690.7681732177734,4700,1,0.30000000000000004,1384.895980834961,4700,1,0.30000000000000004,2928078.842514038,0,0,0,0,0,0,0,0,0,0,0,0,0,0,0,0,0,0,0,0,0,0,0,0,0,0,0,0,0,0,0,0,0,0,0,0,0,0,0,0,0,0,0,0,0,0,0,0,66481061888,2147479552,6318272512,0
99,1697707930526,1442.794418334961,4700,1,0.30000000000000004,1114.4667205810547,4700,1,0.30000000000000004,2308.7418212890625,4700,1,0.30000000000000004,1548.3609619140625,4700,1,0.30000000000000004,2127.3487548828125,4700,1,0.30000000000000004,1491.292984008789,4700,1,0.30000000000000004,1404.733154296875,4700,1,0.30000000000000004,1882.804672241211,4700,1,0.30000000000000004,1640.2866516113281,4700,1,0.30000000000000004,1677.7710266113281,4700,1,0.30000000000000004,1690.768783569336,4700,1,0.30000000000000004,1384.8965911865234,4700,1,0.30000000000000004,2928081.0538024902,0,0,0,0,0,0,0,0,0,0,0,0,0,0,0,0,0,0,0,0,0,0,0,0,0,0,0,0,0,0,0,0,0,0,0,0,0,0,0,0,0,0,0,0,0,0,0,0,66481061888,2147479552,6318272512,0
99,1697707930626,1442.7953491210938,4700,1,0.30000000000000004,1114.4865264892578,4700,1,0.30000000000000004,2308.751724243164,4700,1,0.30000000000000004,1548.361831665039,4700,1,0.30000000000000004,2127.349639892578,4700,1,0.30000000000000004,1491.2938385009766,4700,1,0.30000000000000004,1404.7340393066406,4700,1,0.30000000000000004,1882.8059997558594,4700,1,0.30000000000000004,1640.287109375,4700,1,0.30000000000000004,1677.7716064453125,4700,1,0.30000000000000004,1690.7692413330078,4700,1,0.30000000000000004,1384.8970489501953,4700,1,0.30000000000000004,2928083.104446411,0,0,0,0,0,0,0,0,0,0,0,0,0,0,0,0,0,0,0,0,0,0,0,0,0,0,0,0,0,0,0,0,0,0,0,0,0,0,0,0,0,0,0,0,0,0,0,0,66481061888,2147479552,6318272512,0
99,1697707930726,1442.7961730957031,4700,1,0.30000000000000004,1114.502944946289,4700,1,0.30000000000000004,2308.7532348632813,4700,1,0.30000000000000004,1548.3626861572266,4700,1,0.30000000000000004,2127.3504791259766,4700,1,0.30000000000000004,1491.294662475586,4700,1,0.30000000000000004,1404.7369842529297,4700,1,0.30000000000000004,1882.8068237304688,4700,1,0.30000000000000004,1640.2875518798828,4700,1,0.30000000000000004,1677.7721252441406,4700,1,0.30000000000000004,1690.769760131836,4700,1,0.30000000000000004,1384.8974914550781,4700,1,0.30000000000000004,2928085.1114196777,0,0,0,0,0,0,0,0,0,0,0,0,0,0,0,0,0,0,0,0,0,0,0,0,0,0,0,0,0,0,0,0,0,0,0,0,0,0,0,0,0,0,0,0,0,0,0,0,66481061888,2147479552,6318272512,0
99,1697707930826,1442.7979583740234,4700,1,0.30000000000000004,1114.5271911621094,4700,1,0.30000000000000004,2308.762664794922,4700,1,0.30000000000000004,1548.3666076660156,4700,1,0.30000000000000004,2127.3522186279297,4700,1,0.30000000000000004,1491.2972106933594,4700,1,0.30000000000000004,1404.7387390136719,4700,1,0.30000000000000004,1882.808853149414,4700,1,0.30000000000000004,1640.290771484375,4700,1,0.30000000000000004,1677.773422241211,4700,1,0.30000000000000004,1690.7710266113281,4700,1,0.30000000000000004,1384.8983917236328,4700,1,0.30000000000000004,2928087.525985718,0,0,0,0,0,0,0,0,0,0,0,0,0,0,0,0,0,0,0,0,0,0,0,0,0,0,0,0,0,0,0,0,0,0,0,0,0,0,0,0,0,0,0,0,0,0,0,0,66481061888,2147479552,6318272512,0
